100 100
450 350
5798 20097
6738 7397
6490 14519
9763 4656
2240 1861
11223 22333
57891 88888
88888 57891
2077 14944
7070 2413
1514 15388
248 3576
4539 9764
5483 23106
9616 18164
45411 12123
87654 34567
99999 14533
77778 77779
77779 77778
13532 45322
65490 12289
30000 90000
2500 2750
2750 2799
345 72544
72544 345
1 54332
4355 14532
9999 99999
5 89999
3761 18223
9515 9112
5008 12503
2843 8367
305 8119
9663 12224
7947 15094
5918 3451
107 2244
7864 9729
11111 11111
1 16098
12049 36448
11264 5632
5725 18248
8427 15916
4154 3133
791 21727
6149 13630
18751 18752
142397 142397
5964 13872
416 14423
3922 15546
1603 16429
6224 19255
616 11431
6296 19510
5601 2541
43279 88857
32157 75913
43221 64229
89756 33121
23 37
88 907
8787 89665
6 989
3342 64221
743 21
11234 52233
9785 98997
32315 45694
6799 78673
3245 235
97863 67654
3315 3188
9871 5329
53 399
14533 99999
75644 46589
23245 8543
9752 46241
754 83567
32186 93267
97552 56243
16434 97784
32775 327
95631 23642
9012 5088
1708 23447
6992 11764
9596 995
2688 13376
3309 147
4446 13015
7990 18361
8025 20046
900000 1000000
300000 400000